COPYRIGHT 2022, 2023 GARY J. TEIXEIRA Jr.
See License.txt for Terms

XP Table

1 
25

2
55

3
124

4
155

5
194

6
243

7
304

8
380

9
475

Super (+2)
10
594

11
743

12
929

13
1,161

14
1,451

15
1,814

16
2,268

17
2,835

18
3,544

19
4,430

Epic (+4)
20
5,538

21
6,923

22
8,654

23
10,818

24
13,523

25
16,904

26
21,130

27
26,413

28
33,017

29
41,272

Plus (+10)
30
51,590

31
64,488

32
80,609

33
100,762

34
125,952

35
157,440

36
196,800

37
246,000

38
307,501

39
384,375

Plus Super (+10)
40
480,469

41
600,587

42
750,733

43
938,417

44
1,173,021

45
1,466,276

46
1,832,845

47
2,291,056

48
2,863,820

49
3,579,775

Plus Epic (+20)
50
4,474,719

51
5,593,399

52
6,991,749

53
8,739,686

54
10,924,607

55
13,655,759

56
17,069,699

57
21,337,124

58
26,671,405

59
33,339,256

Plus 2 (+20)
60
41,674,070

61
52,692,587

62
65,115,734

63
81,394,668

64
101,743,335

65
127,179,169

66
158,973,961

67
198,717,451

68
248,396,814

69
310,496,018

Plus Super 2 (+40)
70
388,120,022

71
485,150,028

72
606,437,535

73
758,046,919

74
947,558,649

75
1,184,448,311

76
1,480,560,389

77
1,850,700,487

78
2,313,375,608

79
2,891,719,510

80 Plus Epic 2 (+40)
3,614,649,388

81
4,518,311,735

82
5,647,889,669

83
7,059,862,087

84
8,824,827,609

85
11,031,034,511

86
13,788,793,139

87
17,235,991,424

88
21,544,989,280

89
26,931,236,600

90 Plus 3 (+100)
33,664,645,750

91
42,080,057,188

92
52,600,071,485

93
65,750,089,356

94
82,187,611,695

95
102,734,514,619

96
128,418,143,273

97
160,522,679,092

98
200,653,348,865

99
250,816,686,081

100 Extreme (+200)
313,520,857,602

101
391,901,072,002

102
489,876,340,003

103
612,345,425,004

104
765,431,781,255

105
956,789,726,569

106
1,195,987,158,212

107
1,494,983,947,765

108
1,868,729,934,706

109
2,335,912,418,383

110 Extreme 2 (+200)
2,919,890,522,978

111
3,649,863,153,723

112
4,562,328,942,154

113
5,702,911,177,692

114
7,128,638,972,116

115
8,910,798,715,145

116
11,138,498,393,931

117
13,923,122,992,414

118
17,403,903,740,518

119
21,754,879,675,647

120 Extreme 3 (+1000)
30,000,000,000,000
