COPYRIGHT 2022, 2023 GARY J. TEIXEIRA Jr.
See License.txt for Terms

XP Table
+2        +2      +4      +10      +10         +20         +20          +40            +40             +100             +200               +200               +1000
Regular   Super   Epic    Plus     Plus Super  Plus Epic   Plus 2       Plus Super 2   Plus Epic 2     Plus 3           Extreme            Extreme 2          Extreme 3
1         10      20      30       40          50          60           70             80              90               100                110                120
25        594     5,538   51,590   480,469     4,474,719   41,674,070   388,120,022    3,614,649,388   33,664,645,750   313,520,857,602    2,919,890,522,978  30,000,000,000,000

2         11      21      31       41          51          61           71             81              91               101                111
55        743     6,923   64,488   600,587     5,593,399   52,692,587   485,150,028    4,518,311,735   42,080,057,188   391,901,072,002    3,649,863,153,723

3         12      22      32       42          52          62           72             82              92               102                112
124       929     8,654   80,609   750,733     6,991,749   65,115,734   606,437,535    5,647,889,669   52,600,071,485   489,876,340,003    4,562,328,942,154

4         13      23      33       43          53          63           73             83              93               103                113
155       1,161   10,818  100,762  938,417     8,739,686   81,394,668   758,046,919    7,059,862,087   65,750,089,356   612,345,425,004    5,702,911,177,692

5         14      24      34       44          54          64           74             84              94               104                114
194       1,451   13,523  125,952  1,173,021   10,924,607  101,743,335  947,558,649    8,824,827,609   82,187,611,695   765,431,781,255    7,128,638,972,116

6         15      25      35       45          55          65           75             85              95               105                115
243       1,814   16,984  157,440  1,466,276   13,655,759  127,179,169  1,184,448,311  11,031,034,511  102,734,514,619  956,789,726,569    8,910,798,715,145

7         16      26      36       46          56          66           76             86              96               106                116
304       2,268   21,130  196,800  1,832,845   17,069,699  158,973,961  1,480,560,389  13,788,793,139  128,418,143,273  1,195,987,158,212  11,138,498,393,931

8         17      27      37       47          57          67           77             87              97               107                117
380       2,835   26,413  246,000  2,291,056   21,337,124  198,717,451  1,850,700,487  17,235,991,424  160,522,679,092  1,494,983,947,765  13,923,122,992,414

9         18      28      38       48          58          68           78             88              98               108                118
475       3,544   33,017  307,501  2,863,820   26,671,405  248,396,814  2,313,375,608  21,544,989,280  200,653,348,865  1,868,729,934,706  17,403,903,740,518

          19      29      39       49          59          69           79             89              99               109                119
	  4,430   41,272  384,375  3,579,775   33,339,256  310,496,018  2,891,719,510  26,931,236,600  250,816,686,081  2,335,912,418,383  21,754,879,675,647

